0 0,858407
1 0,858407
2 0,858407
3 0,141593
4 0,058407
5 0,191741
6 0,286979
7 0,358407
8 0,413963
9 0,058407
10 0,131135
11 0,191741
12 0,243023
13 0,286979
14 0,058407
15 0,141593
16 0,082769
17 0,030482
18 0,016302
19 0,058407
20 0,093974
21 0,232502
22 0,185071
23 0,308259
24 0,261593
25 0,218516
26 0,178630
27 0,141593
28 0,245041
29 0,208259
30 0,173851
31 0,266593
32 0,232502
33 0,200416
34 0,170164
35 0,141593
36 0,114566
37 0,088961
38 0,064670
39 0,041593
40 0,019641
41 0,093974
42 0,164848
43 0,141593
44 0,208259
45 0,185071
46 0,162869
47 0,224926
48 0,202817
49 0,181593
50 0,161200
51 0,141593
52 0,122725
53 0,178630
54 0,159774
55 0,141593
56 0,124049
57 0,107110
58 0,090745
59 0,074926
60 0,059625
61 0,044818
62 0,030482
63 0,016593
64 0,003131
65 0,009922
66 0,022586
67 0,023946
68 0,011158
69 0,001264
70 0,043001
71 0,030482
72 0,073100
73 0,060512
74 0,048259
75 0,036329
76 0,024710
77 0,013388
78 0,002352
79 0,008407
80 0,030482
81 0,019641
82 0,009063
83 0,001264
84 0,011349
85 0,021198
86 0,030821
87 0,040226
88 0,049419
89 0,013963
90 0,023243
91 0,032320
92 0,041203
93 0,049897
94 0,058407
95 0,066741
96 0,033665
97 0,042081
98 0,050327
99 0,058407
100 0,066328
101 0,074094
102 0,081708
103 0,089177
104 0,096503
105 0,103690
106 0,110744
107 0,080630
108 0,087765
109 0,058407
110 0,065615
111 0,072693
112 0,044248
113 0,016302
114 0,023625
115 0,030821
116 0,037895
117 0,044848
118 0,018071
119 0,025074
120 0,031961
121 0,005948
122 0,012879
123 0,012560
124 0,037593
125 0,030482
126 0,023482
127 0,047843
128 0,040817
129 0,033900
130 0,027089
131 0,020381
132 0,013773
133 0,007264
134 0,030482
135 0,023946
136 0,017505
137 0,011158
138 0,004902
139 0,001264
140 0,007344
141 0,013337
142 0,008726
143 0,002704
144 0,003235
145 0,009092
146 0,012341
147 0,006458
148 0,000653
149 0,005074
150 0,010725
151 0,016302
152 0,004338
153 0,001264
154 0,019012
155 0,013388
156 0,007835
157 0,002352
158 0,003061
159 0,008407
160 0,013687
161 0,018901
162 0,024052
163 0,029139
164 0,009922
165 0,015034
166 0,020084
167 0,025074
168 0,030005
169 0,034878
170 0,039694
171 0,044454
172 0,049159
173 0,053810
174 0,058407
175 0,040226
176 0,044848
177 0,049419
178 0,053938
179 0,058407
180 0,040728
181 0,045221
182 0,049664
183 0,054060
184 0,036786
185 0,041203
186 0,045573
187 0,049897
188 0,054175
189 0,058407
190 0,062596
191 0,066741
192 0,070843
193 0,074902
194 0,078920
195 0,082897
196 0,086834
197 0,090731
198 0,094588
199 0,098407
200 0,082288
201 0,086130
202 0,089934
203 0,093701
204 0,097432
205 0,101126
206 0,104784
207 0,089177
208 0,092857
209 0,096503
210 0,100114
211 0,103690
212 0,107234
213 0,092052
214 0,095617
215 0,099148
216 0,102647
217 0,106114
218 0,109549
219 0,112953
220 0,098226
221 0,083633
222 0,087107
223 0,090550
224 0,093963
225 0,097345
226 0,100698
227 0,086478
228 0,072381
229 0,075799
230 0,079187
231 0,082545
232 0,068708
233 0,072083
234 0,075429
235 0,078746
236 0,082036
237 0,085298
238 0,071796
239 0,058407
240 0,061727
241 0,065019
242 0,068284
243 0,071522
244 0,074734
245 0,077920
246 0,081079
247 0,084214
248 0,087323
249 0,074407
250 0,077531
251 0,064757
252 0,067894
253 0,071006
254 0,058407
255 0,061532
256 0,064633
257 0,067710
258 0,070763
259 0,058407
260 0,061472
261 0,064514
262 0,067533
263 0,070529
264 0,073502
265 0,076452
266 0,079381
267 0,082288
268 0,085173
269 0,088037
270 0,090880
271 0,078996
272 0,081851
273 0,070086
274 0,072953
275 0,075799
276 0,078624
277 0,067040
278 0,069877
279 0,072693
280 0,075489
281 0,078266
282 0,081022
283 0,083759
284 0,072442
285 0,075191
286 0,077920
287 0,066741
288 0,055639
289 0,058407
290 0,047411
291 0,050188
292 0,052947
293 0,042081
294 0,044848
295 0,034083
296 0,036859
297 0,026193
298 0,015598
299 0,018407
300 0,007909
301 0,010725
302 0,013523
303 0,016302
304 0,019063
305 0,021806
306 0,011502
307 0,014252
308 0,016983
309 0,019698
310 0,022394
311 0,012254
312 0,014957
313 0,017643
314 0,020312
315 0,010306
316 0,012981
317 0,003061
318 0,006796
319 0,016593
320 0,026328
321 0,023580
322 0,020850
323 0,018136
324 0,027746
325 0,037298
326 0,046791
327 0,044032
328 0,041289
329 0,038562
330 0,047937
331 0,045207
332 0,042494
333 0,039796
334 0,037115
335 0,034450
336 0,031800
337 0,041001
338 0,038348
339 0,035710
340 0,033088
341 0,030482
342 0,027890
343 0,025314
344 0,022752
345 0,020205
346 0,017673
347 0,015156
348 0,012653
349 0,010164
350 0,007690
351 0,005229
352 0,002782
353 0,000350
354 0,009198
355 0,006761
356 0,004338
357 0,001928
358 0,010673
359 0,008259
360 0,005859
361 0,003471
362 0,001097
363 0,001264
364 0,003613
365 0,005948
366 0,008271
367 0,010581
368 0,012879
369 0,015164
370 0,006655
371 0,008945
372 0,011222
373 0,013488
374 0,015741
375 0,007344
376 0,009601
377 0,011846
378 0,014080
379 0,016302
380 0,018512
381 0,020711
382 0,022898
383 0,014657
384 0,016849
385 0,019029
386 0,021198
387 0,013047
388 0,015220
389 0,007125
390 0,009302
391 0,011469
392 0,013624
393 0,015768
394 0,017901
395 0,020024
396 0,012060
397 0,014186
398 0,006277
399 0,001593
400 0,000552
401 0,007264
402 0,005116
403 0,002979
404 0,000852
405 0,001264
406 0,003370
407 0,005466
408 0,007552
409 0,009627
410 0,011692
411 0,004038
412 0,006107
413 0,008166
414 0,010215
415 0,012254
416 0,014283
417 0,006733
418 0,008765
419 0,010788
420 0,012802
421 0,014805
422 0,016800
423 0,009351
424 0,011349
425 0,013337
426 0,015316
427 0,017286
428 0,019247
429 0,021198
430 0,023141
431 0,025074
432 0,026999
433 0,028914
434 0,030821
435 0,032719
436 0,034609
437 0,036490
438 0,029250
439 0,031135
440 0,023940
441 0,025828
442 0,027708
443 0,029579
444 0,031441
445 0,024327
446 0,026193
447 0,028050
448 0,029900
449 0,031741
450 0,033574
451 0,035398
452 0,037215
453 0,030214
454 0,023243
455 0,025074
456 0,026897
457 0,028713
458 0,021806
459 0,023625
460 0,025436
461 0,027239
462 0,029034
463 0,030821
464 0,032601
465 0,034373
466 0,036138
467 0,037895
468 0,039644
469 0,041386
470 0,043121
471 0,044848
472 0,046568
473 0,048281
474 0,041565
475 0,043281
476 0,036604
477 0,038324
478 0,040036
479 0,041741
480 0,035123
481 0,036831
482 0,038532
483 0,040226
484 0,041913
485 0,043593
486 0,045266
487 0,046932
488 0,040411
489 0,042081
490 0,043743
491 0,045399
492 0,047048
493 0,048691
494 0,050327
495 0,043891
496 0,037482
497 0,039130
498 0,040772
499 0,042407
500 0,044036
501 0,045658
502 0,047274
503 0,048884
504 0,050487
505 0,052083
506 0,053674
507 0,055258
508 0,048977
509 0,050564
510 0,052145
511 0,045907
512 0,047491
513 0,049069
514 0,050640
515 0,052206
516 0,053765
517 0,055319
518 0,049159
519 0,050715
520 0,052265
521 0,053810
522 0,055348
523 0,056881
524 0,058407
525 0,059928
526 0,061443
527 0,055377
528 0,056895
529 0,058407
530 0,059914
531 0,061415
532 0,055405
533 0,049419
534 0,050931
535 0,052437
536 0,053938
537 0,047998
538 0,049502
539 0,051000
540 0,045099
541 0,046599
542 0,048094
543 0,049584
544 0,051068
545 0,052547
546 0,046707
547 0,048188
548 0,049664
549 0,043862
550 0,045340
551 0,039567
552 0,041047
553 0,035303
554 0,036786
555 0,038263
556 0,032555
557 0,034035
558 0,035509
559 0,036979
560 0,038443
561 0,039902
562 0,034251
563 0,035712
564 0,037168
565 0,038619
566 0,040065
567 0,041506
568 0,035912
569 0,030337
570 0,024782
571 0,026240
572 0,027692
573 0,029139
574 0,023625
575 0,025074
576 0,026518
577 0,021037
578 0,022483
579 0,017028
580 0,018476
581 0,019919
582 0,021358
583 0,022791
584 0,024219
585 0,025643
586 0,027062
587 0,028475
588 0,029884
589 0,031289
590 0,032688
591 0,034083
592 0,035473
593 0,036859
594 0,038239
595 0,039615
596 0,040987
597 0,042354
598 0,043716
599 0,038407
600 0,039772
601 0,034487
602 0,035853
603 0,037215
604 0,038573
605 0,039925
606 0,041274
607 0,042618
608 0,043957
609 0,038735
610 0,040077
611 0,041414
612 0,042747
613 0,044075
614 0,045399
615 0,040226
616 0,041552
617 0,042873
618 0,044191
619 0,045504
620 0,046813
621 0,048118
622 0,049419
623 0,050715
624 0,052007
625 0,053296
626 0,048200
627 0,049490
628 0,044417
629 0,045709
630 0,046997
631 0,048281
632 0,049561
633 0,050836
634 0,045809
635 0,047087
636 0,048360
637 0,049630
638 0,050896
639 0,052157
640 0,053415
641 0,054669
642 0,055919
643 0,057165
644 0,058407
645 0,059646
646 0,060880
647 0,062111
648 0,057175
649 0,058407
650 0,059636
651 0,054726
652 0,055957
653 0,051068
654 0,052300
655 0,047432
656 0,048666
657 0,049897
658 0,051124
659 0,052347
660 0,053566
661 0,048740
662 0,049961
663 0,045154
664 0,040362
665 0,035585
666 0,030821
667 0,032060
668 0,027316
669 0,028557
670 0,023832
671 0,025074
672 0,026312
673 0,027547
674 0,028778
675 0,030005
676 0,031229
677 0,032449
678 0,033665
679 0,034878
680 0,036087
681 0,037293
682 0,038495
683 0,039694
684 0,035050
685 0,036250
686 0,037447
687 0,038640
688 0,039830
689 0,035219
690 0,036410
691 0,037598
692 0,038783
693 0,039964
694 0,041141
695 0,042315
696 0,043486
697 0,038923
698 0,040095
699 0,035550
700 0,036724
701 0,032197
702 0,033372
703 0,034544
704 0,035712
705 0,031212
706 0,032382
707 0,033549
708 0,034712
709 0,035872
710 0,037029
711 0,038183
712 0,039333
713 0,040480
714 0,041624
715 0,042765
716 0,043902
717 0,045037
718 0,046168
719 0,047296
720 0,048421
721 0,049543
722 0,050662
723 0,046253
724 0,047373
725 0,048490
726 0,044102
727 0,045221
728 0,046336
729 0,047448
730 0,048558
731 0,049664
732 0,050768
733 0,051868
734 0,052965
735 0,054060
736 0,055151
737 0,056239
738 0,057325
739 0,058407
740 0,059487
741 0,060564
742 0,061637
743 0,062708
744 0,063776
745 0,064842
746 0,065904
747 0,061616
748 0,062680
749 0,058407
750 0,054146
751 0,049897
752 0,050970
753 0,052041
754 0,053109
755 0,054175
756 0,055237
757 0,056297
758 0,057353
759 0,058407
760 0,059459
761 0,060507
762 0,061553
763 0,062596
764 0,063636
765 0,064674
766 0,065709
767 0,066741
768 0,067770
769 0,068797
770 0,069821
771 0,070843
772 0,071861
773 0,072878
774 0,073891
775 0,069748
776 0,070763
777 0,071775
778 0,072785
779 0,073792
780 0,074797
781 0,075799
782 0,076798
783 0,077795
784 0,078790
785 0,079781
786 0,075688
787 0,076681
788 0,072603
789 0,073597
790 0,074589
791 0,075579
792 0,076566
793 0,077551
794 0,078533
795 0,074488
796 0,075471
797 0,076452
798 0,072425
799 0,068407
800 0,069394
801 0,070377
802 0,066377
803 0,067363
804 0,068345
805 0,069325
806 0,070303
807 0,071279
808 0,072252
809 0,073222
810 0,069258
811 0,070230
812 0,071199
813 0,072167
814 0,073131
815 0,069192
816 0,070158
817 0,071121
818 0,072083
819 0,073041
820 0,069126
821 0,065220
822 0,066184
823 0,067145
824 0,068104
825 0,069061
826 0,065179
827 0,066137
828 0,067093
829 0,068046
830 0,068997
831 0,069946
832 0,070892
833 0,071837
834 0,072779
835 0,073718
836 0,074656
837 0,075591
838 0,071757
839 0,067931
840 0,068871
841 0,069809
842 0,070744
843 0,071677
844 0,072609
845 0,073537
846 0,074464
847 0,075388
848 0,076311
849 0,077231
850 0,078149
851 0,079065
852 0,079978
853 0,080890
854 0,081799
855 0,078034
856 0,078944
857 0,079853
858 0,080759
859 0,081663
860 0,077920
861 0,074185
862 0,075093
863 0,071370
864 0,072280
865 0,073188
866 0,069480
867 0,065781
868 0,062090
869 0,063005
870 0,063918
871 0,064829
872 0,065738
873 0,066645
874 0,067550
875 0,063887
876 0,064793
877 0,065697
878 0,066598
879 0,067498
880 0,068396
881 0,069292
882 0,070185
883 0,071077
884 0,071967
885 0,072854
886 0,073740
887 0,074624
888 0,075505
889 0,076385
890 0,077263
891 0,078138
892 0,079012
893 0,079884
894 0,080754
895 0,081622
896 0,082488
897 0,083352
898 0,084214
899 0,085074
900 0,085932
901 0,082354
902 0,083214
903 0,079646
904 0,080507
905 0,076950
906 0,077812
907 0,078672
908 0,079529
909 0,075990
910 0,076849
911 0,077706
912 0,078561
913 0,079414
914 0,080265
915 0,081115
916 0,081962
917 0,082808
918 0,083652
919 0,084494
920 0,085335
921 0,086173
922 0,082676
923 0,083516
924 0,084353
925 0,085189
926 0,086023
927 0,086856
928 0,087686
929 0,088515
930 0,085045
931 0,085875
932 0,082416
933 0,083247
934 0,084076
935 0,084903
936 0,081460
937 0,082288
938 0,078855
939 0,079684
940 0,080511
941 0,081337
942 0,082161
943 0,078746
944 0,075339
945 0,076166
946 0,076992
947 0,077817
948 0,074424
949 0,075249
950 0,076073
951 0,076895
952 0,077715
953 0,078533
954 0,079350
955 0,080165
956 0,080978
957 0,081789
958 0,082599
959 0,083407
960 0,084214
961 0,085019
962 0,085822
963 0,086623
964 0,087423
965 0,088221
966 0,089017
967 0,089812
968 0,090605
969 0,091397
970 0,092187
971 0,092975
972 0,093762
973 0,094547
974 0,095330
975 0,096112
976 0,092798
977 0,089491
978 0,090277
979 0,091060
980 0,091843
981 0,092623
982 0,093402
983 0,094180
984 0,090895
985 0,091673
986 0,092450
987 0,089177
988 0,089954
989 0,086690
990 0,087469
991 0,088246
992 0,084993
993 0,085772
994 0,086548
995 0,087323
996 0,084084
997 0,084860
998 0,085635
999 0,086407
1000 0,087179
1001 0,087948
1002 0,088716
1003 0,085499
1004 0,086268
1005 0,087036
1006 0,087802
1007 0,084598
1008 0,085365
1009 0,086130
1010 0,086894
1011 0,083704
1012 0,084469
1013 0,081287
1014 0,082053
1015 0,082817
1016 0,083579
1017 0,084341
1018 0,085100
1019 0,085858
1020 0,086615
1021 0,087370
1022 0,088124
1023 0,088876
1024 0,085724
1025 0,086478
1026 0,087229
1027 0,087979
1028 0,088728
1029 0,089475
1030 0,090221
1031 0,090965
1032 0,091708
1033 0,092450
1034 0,093190
1035 0,093929
1036 0,094666
1037 0,095402
1038 0,096136
1039 0,096869
1040 0,097600
1041 0,094492
1042 0,095224
1043 0,092124
1044 0,092857
1045 0,093589
1046 0,090499
1047 0,091232
1048 0,091963
1049 0,092693
1050 0,093422
1051 0,094149
1052 0,091076
1053 0,091804
1054 0,092531
1055 0,093256
1056 0,090195
1057 0,090922
1058 0,087869
1059 0,088596
1060 0,089322
1061 0,090046
1062 0,090769
1063 0,091490
1064 0,092210
1065 0,092929
1066 0,093646
1067 0,094362
1068 0,091335
1069 0,092052
1070 0,092768
1071 0,093482
1072 0,090467
1073 0,087458
1074 0,088175
1075 0,088891
1076 0,085891
1077 0,086608
1078 0,083616
1079 0,080630
1080 0,081349
1081 0,078370
1082 0,079091
1083 0,079810
1084 0,080527
1085 0,081243
1086 0,078279
1087 0,078996
1088 0,079711
1089 0,080426
1090 0,081139
1091 0,081851
1092 0,082561
1093 0,079614
1094 0,080325
1095 0,081035
1096 0,081744
1097 0,082451
1098 0,083157
1099 0,083862
1100 0,084565
1101 0,085268
1102 0,085969
1103 0,083045
1104 0,080127
1105 0,080830
1106 0,081533
1107 0,082234
1108 0,082934
1109 0,080029
1110 0,080730
1111 0,081429
1112 0,082127
1113 0,082824
1114 0,083519
1115 0,084214
1116 0,084907
1117 0,085599
1118 0,086289
1119 0,086979
1120 0,087667
1121 0,088354
1122 0,089040
1123 0,089724
1124 0,090407
1125 0,091089
1126 0,091770
1127 0,092450
1128 0,093128
1129 0,093806
1130 0,090945
1131 0,091623
1132 0,092300
1133 0,089448
1134 0,090125
1135 0,087281
1136 0,087959
1137 0,085121
1138 0,085800
1139 0,086478
1140 0,087154
1141 0,087829
1142 0,085004
1143 0,085680
1144 0,086355
1145 0,087029
1146 0,087701
1147 0,088373
1148 0,085561
1149 0,086233
1150 0,083429
1151 0,080630
1152 0,077835
1153 0,078511
1154 0,079187
1155 0,079861
1156 0,080534
1157 0,081205
1158 0,078425
1159 0,079097
1160 0,076323
1161 0,076996
1162 0,077668
1163 0,078339
1164 0,079008
1165 0,076246
1166 0,076916
1167 0,077585
1168 0,078253
1169 0,078920
1170 0,076170
1171 0,076837
1172 0,077504
1173 0,078169
1174 0,078833
1175 0,079496
1176 0,080158
1177 0,077423
1178 0,074692
1179 0,075356
1180 0,076020
1181 0,076681
1182 0,077342
1183 0,074624
1184 0,071909
1185 0,069200
1186 0,066495
1187 0,063795
1188 0,061099
1189 0,058407
1190 0,059079
1191 0,059750
1192 0,057066
1193 0,057737
1194 0,055060
1195 0,055732
1196 0,056402
1197 0,057072
1198 0,057740
1199 0,058407
1200 0,059073
1201 0,059738
1202 0,060402
1203 0,061065
1204 0,061727
1205 0,059071
1206 0,059733
1207 0,060394
1208 0,061054
1209 0,061713
1210 0,062371
1211 0,063028
1212 0,063684
1213 0,064338
1214 0,064992
1215 0,065644
1216 0,066296
1217 0,066946
1218 0,064314
1219 0,064965
1220 0,065615
1221 0,066263
1222 0,063640
1223 0,064290
1224 0,061673
1225 0,059060
1226 0,059711
1227 0,057104
1228 0,057756
1229 0,058407
1230 0,055808
1231 0,056459
1232 0,057110
1233 0,057759
1234 0,058407
1235 0,055818
1236 0,056467
1237 0,057115
1238 0,057762
1239 0,058407
1240 0,059052
1241 0,059696
1242 0,060338
1243 0,060980
1244 0,058407
1245 0,055839
1246 0,053275
1247 0,053920
1248 0,054564
1249 0,055207
1250 0,052652
1251 0,053296
1252 0,053938
1253 0,054580
1254 0,055220
1255 0,055860
1256 0,056498
1257 0,057135
1258 0,057772
1259 0,058407
1260 0,059042
1261 0,059675
1262 0,060308
1263 0,060939
1264 0,061569
1265 0,059039
1266 0,059670
1267 0,060300
1268 0,060929
1269 0,061557
1270 0,062184
1271 0,062810
1272 0,063435
1273 0,064059
1274 0,064682
1275 0,065304
1276 0,065925
1277 0,066545
1278 0,067164
1279 0,067782
1280 0,068400
1281 0,069016
1282 0,069631
1283 0,067130
1284 0,064633
1285 0,065250
1286 0,065867
1287 0,066482
1288 0,067096
1289 0,064609
1290 0,065224
1291 0,065838
1292 0,066451
1293 0,063971
1294 0,064585
1295 0,065197
1296 0,065809
1297 0,063338
1298 0,063950
1299 0,061484
1300 0,059022
1301 0,059636
1302 0,057179
1303 0,057794
1304 0,055342
1305 0,055957
1306 0,056571
1307 0,057184
1308 0,054740
1309 0,055354
1310 0,055966
1311 0,053529
1312 0,054142
1313 0,054754
1314 0,052324
1315 0,052936
1316 0,053548
1317 0,051124
1318 0,048703
1319 0,046286
1320 0,043873
1321 0,044489
1322 0,042081
1323 0,042697
1324 0,043313
1325 0,043928
1326 0,041527
1327 0,042142
1328 0,042756
1329 0,040362
1330 0,040977
1331 0,038588
1332 0,036202
1333 0,033820
1334 0,034437
1335 0,035054
1336 0,035670
1337 0,033295
1338 0,030924
1339 0,031542
1340 0,032158
1341 0,032774
1342 0,030410
1343 0,031026
1344 0,031642
1345 0,032256
1346 0,032869
1347 0,033482
1348 0,034093
1349 0,031741
1350 0,029392
1351 0,030005
1352 0,030617
1353 0,031229
1354 0,031839
1355 0,032449
1356 0,033057
1357 0,033665
1358 0,034272
1359 0,034878
1360 0,035483
1361 0,036087
1362 0,036691
1363 0,037293
1364 0,037895
1365 0,038495
1366 0,039095
1367 0,036770
1368 0,037370
1369 0,037969
1370 0,038568
1371 0,039165
1372 0,039762
1373 0,040358
1374 0,040953
1375 0,041547
1376 0,039235
1377 0,039830
1378 0,040423
1379 0,041016
1380 0,041608
1381 0,042199
1382 0,042789
1383 0,043378
1384 0,043967
1385 0,044555
1386 0,045141
1387 0,042845
1388 0,043433
1389 0,044019
1390 0,041729
1391 0,042315
1392 0,040030
1393 0,040617
1394 0,038336
1395 0,038923
1396 0,039510
1397 0,040095
1398 0,037821
1399 0,038407
1400 0,038993
1401 0,036724
1402 0,037310
1403 0,037895
1404 0,038479
1405 0,039062
1406 0,036801
1407 0,037385
1408 0,037967
1409 0,038549
1410 0,039130
1411 0,039710
1412 0,040290
1413 0,040868
1414 0,038619
1415 0,039198
1416 0,036954
1417 0,037533
1418 0,038111
1419 0,038689
1420 0,036451
1421 0,037029
1422 0,037606
1423 0,038183
1424 0,038758
1425 0,039333
1426 0,037104
1427 0,037679
1428 0,035454
1429 0,036030
1430 0,036604
1431 0,034385
1432 0,034960
1433 0,032745
1434 0,033320
1435 0,033895
1436 0,034469
1437 0,032260
1438 0,032834
1439 0,033407
1440 0,033980
1441 0,034552
1442 0,035123
1443 0,035693
1444 0,036262
1445 0,036831
1446 0,037398
1447 0,037965
1448 0,038532
1449 0,036338
1450 0,034148
1451 0,034716
1452 0,032530
1453 0,033098
1454 0,033665
1455 0,034232
1456 0,032052
1457 0,032619
1458 0,033185
1459 0,033750
1460 0,034314
1461 0,034878
1462 0,032707
1463 0,030538
1464 0,031104
1465 0,031668
1466 0,032231
1467 0,032794
1468 0,033356
1469 0,033918
1470 0,034478
1471 0,035038
1472 0,035597
1473 0,036155
1474 0,036712
1475 0,037269
1476 0,037825
1477 0,038380
1478 0,038935
1479 0,036786
1480 0,037340
1481 0,035195
1482 0,035751
1483 0,036305
1484 0,036859
1485 0,034720
1486 0,035274
1487 0,035827
1488 0,036379
1489 0,036931
1490 0,037482
1491 0,035351
1492 0,033223
1493 0,033775
1494 0,034327
1495 0,034878
1496 0,035428
1497 0,035977
1498 0,036526
1499 0,034407
1500 0,032291
1501 0,032841
1502 0,033391
1503 0,033939
1504 0,034487
1505 0,035034
1506 0,035581
1507 0,036126
1508 0,036671
1509 0,037215
1510 0,037759
1511 0,038302
1512 0,038844
1513 0,039385
1514 0,037285
1515 0,035188
1516 0,035731
1517 0,036273
1518 0,036814
1519 0,034723
1520 0,035265
1521 0,035806
1522 0,033719
1523 0,031636
1524 0,032178
1525 0,030098
1526 0,030640
1527 0,028564
1528 0,029107
1529 0,029649
1530 0,030190
1531 0,030731
1532 0,028662
1533 0,029203
1534 0,027137
1535 0,027678
1536 0,028219
1537 0,028758
1538 0,026698
1539 0,027239
1540 0,027778
1541 0,028317
1542 0,028855
1543 0,029392
1544 0,029928
1545 0,030464
1546 0,030999
1547 0,028950
1548 0,029485
1549 0,030020
1550 0,030554
1551 0,031088
1552 0,031620
1553 0,029579
1554 0,027539
1555 0,028073
1556 0,028606
1557 0,026572
1558 0,027105
1559 0,027638
1560 0,028170
1561 0,028702
1562 0,029233
1563 0,029763
1564 0,030292
1565 0,028267
1566 0,028797
1567 0,029326
1568 0,027305
1569 0,027834
1570 0,028363
1571 0,028891
1572 0,029418
1573 0,029945
1574 0,030471
1575 0,030996
1576 0,031521
1577 0,032045
1578 0,030035
1579 0,028028
1580 0,028553
1581 0,029077
1582 0,029601
1583 0,030125
1584 0,030647
1585 0,031169
1586 0,029170
1587 0,029692
1588 0,030214
1589 0,030734
1590 0,031255
1591 0,029262
1592 0,029782
1593 0,030302
1594 0,030821
1595 0,031340
1596 0,031858
1597 0,032375
1598 0,032891
1599 0,030907
1600 0,031424
1601 0,031940
1602 0,029961
1603 0,027983
1604 0,028501
1605 0,029018
1606 0,027045
1607 0,025074
1608 0,025592
1609 0,026109
1610 0,024143
1611 0,022179
1612 0,022697
1613 0,023215
1614 0,023732
1615 0,021774
1616 0,022291
1617 0,020336
1618 0,018383
1619 0,016432
1620 0,016951
1621 0,017470
1622 0,017988
1623 0,018506
1624 0,019023
1625 0,019539
1626 0,017596
1627 0,018113
1628 0,016173
1629 0,016690
1630 0,014753
1631 0,015270
1632 0,013337
1633 0,013854
1634 0,014371
1635 0,014887
1636 0,015402
1637 0,015917
1638 0,013990
1639 0,012066
1640 0,012582
1641 0,010661
1642 0,011177
1643 0,011692
1644 0,012207
1645 0,012721
1646 0,013234
1647 0,013747
1648 0,014259
1649 0,014771
1650 0,015282
1651 0,015792
1652 0,016302
1653 0,016811
1654 0,017320
1655 0,015412
1656 0,015921
1657 0,016429
1658 0,016937
1659 0,017443
1660 0,017950
1661 0,018455
1662 0,018961
1663 0,019465
1664 0,019969
1665 0,020472
1666 0,020975
1667 0,021477
1668 0,021978
1669 0,022479
1670 0,020586
1671 0,021087
1672 0,021587
1673 0,019698
1674 0,020198
1675 0,020699
1676 0,021198
1677 0,019313
1678 0,019813
1679 0,020312
1680 0,018431
1681 0,016552
1682 0,017053
1683 0,017552
1684 0,015677
1685 0,016177
1686 0,016676
1687 0,017175
1688 0,017673
1689 0,018171
1690 0,018668
1691 0,016800
1692 0,017297
1693 0,017793
1694 0,018289
1695 0,016426
1696 0,016922
1697 0,017418
1698 0,017913
1699 0,018407
